 "Time [d]","2-dt_flow [d]","3-dt_tran [d]","4-mass_flux Water [kg]","5-mass_flux Water [kg/d]","6-mass_flux Tracer [mol]","7-mass_flux Tracer [mol/d]"
   0.00000000E+00   1.00000000E-02   1.00000000E-02   0.00000000E+00   0.00000000E+00   0.00000000E+00   0.00000000E+00
   1.00000000E-02   1.00000000E-02   1.00000000E-02   1.79015290E-10   1.79015290E-08   1.16689402E-10   1.16689402E-08
   3.00000000E-02   2.00000000E-02   2.00000000E-02   1.52160342E-08   7.51850944E-07   9.91842663E-09   4.90086862E-07
   7.00000000E-02   4.00000000E-02   4.00000000E-02   7.56316540E-08   1.51039050E-06   4.92997805E-08   9.84533846E-07
   1.50000000E-01   8.00000000E-02   8.00000000E-02   2.59709346E-07   2.30097115E-06   1.69289163E-07   1.49986728E-06
   3.10000000E-01   1.60000000E-01   1.60000000E-01   3.05158385E-07   2.84056495E-07   1.98914780E-07   1.85160105E-07
   6.30000000E-01   3.20000000E-01   3.20000000E-01   3.82391210E-07   2.41352578E-07   2.49258409E-07   1.57323841E-07
   1.27000000E+00   6.40000000E-01   6.40000000E-01  -6.72933583E-07  -1.64894499E-06  -4.38643748E-07  -1.07484712E-06
   2.55000000E+00   1.28000000E+00   1.28000000E+00  -2.05237999E-06  -1.07769251E-06  -1.33780840E-06  -7.02472386E-07
   5.11000000E+00   2.56000000E+00   2.56000000E+00  -2.46527176E-06  -1.61285846E-07  -1.60691493E-06  -1.05119737E-07
   7.00000000E+00   1.89000000E+00   1.89000000E+00  -2.50416872E-06  -2.05804035E-08  -1.63224428E-06  -1.34017731E-08
   8.00000000E+00   1.00000000E+00   1.00000000E+00  -1.26071656E-06   1.24345216E-06  -8.21697674E-07   8.10546607E-07
   8.00097656E+00   9.76562500E-04   9.76562500E-04  -1.25998555E-06   7.48550560E-07  -8.21221161E-07   4.87949827E-07
   8.00195312E+00   9.76562500E-04   9.76562500E-04  -1.25914829E-06   8.57359051E-07  -8.20675384E-07   5.58875616E-07
   8.00292969E+00   9.76562500E-04   9.76562500E-04  -1.25844410E-06   7.21094040E-07  -8.20216348E-07   4.70052564E-07
   8.00390625E+00   9.76562500E-04   9.76562500E-04  -1.25776908E-06   6.91213460E-07  -8.19776333E-07   4.50575163E-07
   8.00488281E+00   9.76562500E-04   9.76562500E-04  -1.25705734E-06   7.28825329E-07  -8.19312376E-07   4.75092132E-07
   8.00585938E+00   9.76562500E-04   9.76562500E-04  -1.25635821E-06   7.15910184E-07  -8.18856640E-07   4.66673516E-07
   8.00781250E+00   1.95312500E-03   1.95312500E-03  -1.25492152E-06   7.35586991E-07  -8.17920117E-07   4.79499662E-07
   8.01171875E+00   3.90625000E-03   3.90625000E-03  -1.25212016E-06   7.17147469E-07  -8.16094023E-07   4.67480035E-07
   8.01300781E+00   1.28906250E-03   1.28906250E-03  -1.25063570E-06   1.15157618E-06  -8.15126378E-07   7.50658210E-07
   8.01558594E+00   2.57812500E-03   2.57812500E-03  -1.24876992E-06   7.23697717E-07  -8.13910148E-07   4.71749753E-07
   8.02074219E+00   5.15625000E-03   5.15625000E-03  -1.24551691E-06   6.30887535E-07  -8.11789628E-07   4.11252344E-07
   8.03105469E+00   1.03125000E-02   1.03125000E-02  -1.23808247E-06   7.20915123E-07  -8.06943414E-07   4.69935955E-07
   8.03445781E+00   3.40312500E-03   3.40312500E-03  -1.23512255E-06   8.69764363E-07  -8.05013972E-07   5.66961813E-07
   8.04126406E+00   6.80625000E-03   6.80625000E-03  -1.23020737E-06   7.22157748E-07  -8.01809957E-07   4.70745954E-07
   8.05487656E+00   1.36125000E-02   1.36125000E-02  -1.21657845E-06   1.00120602E-06  -7.92925883E-07   6.52640922E-07
   8.08210156E+00   2.72250000E-02   2.72250000E-02  -1.19695138E-06   7.20920737E-07  -7.80131776E-07   4.69939630E-07
   8.09108581E+00   8.98425000E-03   8.98425000E-03  -1.19041543E-06   7.27490066E-07  -7.75871249E-07   4.74221787E-07
   8.10905431E+00   1.79685000E-02   1.79685000E-02  -1.16643333E-06   1.33467435E-06  -7.60238492E-07   8.70009031E-07
   8.14499131E+00   3.59370000E-02   3.59370000E-02  -1.13977211E-06   7.41887771E-07  -7.42859114E-07   4.83606809E-07
   8.15685052E+00   1.18592100E-02   1.18592100E-02  -1.13105759E-06   7.34832062E-07  -7.37178462E-07   4.79007618E-07
   8.18056894E+00   2.37184200E-02   2.37184200E-02  -1.05063475E-06   3.39073318E-06  -6.84755272E-07   2.21023111E-06
   8.22800578E+00   4.74368400E-02   4.74368400E-02  -1.01271017E-06   7.99475241E-07  -6.60033891E-07   5.21143082E-07
   8.24365994E+00   1.56541572E-02   1.56541572E-02  -1.00060978E-06   7.72982582E-07  -6.52146143E-07   5.03875633E-07
   8.27496825E+00   3.13083144E-02   3.13083144E-02  -9.75584609E-07   7.99313997E-07  -6.35833273E-07   5.21039537E-07
   8.33758488E+00   6.26166288E-02   6.26166288E-02  -9.26417087E-07   7.85215083E-07  -6.03782994E-07   5.11849326E-07
   8.35824837E+00   2.06634875E-02   2.06634875E-02  -9.10290200E-07   7.80453327E-07  -5.93270539E-07   5.08745421E-07
   8.39957535E+00   4.13269750E-02   4.13269750E-02  -8.88276498E-07   5.32671486E-07  -5.78920527E-07   3.47231130E-07
   8.48222930E+00   8.26539500E-02   8.26539500E-02  -8.22459362E-07   7.96297526E-07  -5.36017062E-07   5.19073373E-07
   8.50950510E+00   2.72758035E-02   2.72758035E-02  -8.01141811E-07   7.81555388E-07  -5.22121026E-07   5.09463863E-07
   8.56405671E+00   5.45516070E-02   5.45516070E-02  -7.78428115E-07   4.16370796E-07  -5.07314552E-07   2.71421422E-07
   8.67315992E+00   1.09103214E-01   1.09103214E-01  -6.94823005E-07   7.66293741E-07  -4.52815748E-07   4.99516025E-07
   8.70916398E+00   3.60040606E-02   3.60040606E-02  -6.66989436E-07   7.73067496E-07  -4.34672170E-07   5.03931424E-07
   8.78117210E+00   7.20081213E-02   7.20081213E-02  -6.10942171E-07   7.78346449E-07  -3.98137231E-07   5.07372483E-07
   8.80493478E+00   2.37626800E-02   2.37626800E-02  -5.92444277E-07   7.78443062E-07  -3.86079204E-07   5.07435468E-07
   8.85246014E+00   4.75253600E-02   4.75253600E-02  -5.56913873E-07   7.47609366E-07  -3.62918344E-07   4.87336871E-07
   8.94751086E+00   9.50507201E-02   9.50507201E-02  -4.83237139E-07   7.75130729E-07  -3.14891458E-07   5.05276399E-07
   8.97887760E+00   3.13667376E-02   3.13667376E-02  -3.84783381E-07   3.13879497E-06  -2.50714858E-07   2.04600813E-06
   9.00000000E+00   2.11224004E-02   2.11224004E-02  -3.64931553E-07   9.39847167E-07  -2.37774322E-07   6.12645156E-07
   9.06273348E+00   6.27334752E-02   2.04886744E-02  -3.21277334E-07   6.95868005E-07  -2.09317812E-07   4.53609666E-07
   9.18820043E+00   1.25466950E-01   4.09773487E-02  -2.25852233E-07   7.60559666E-07  -1.47114009E-07   4.95778397E-07
   9.22960452E+00   4.14040937E-02   4.14040937E-02  -1.92108430E-07   8.14987112E-07  -1.25117819E-07   5.31256410E-07
   9.31241271E+00   8.28081873E-02   8.28081873E-02  -1.24792648E-07   8.12912151E-07  -8.12374390E-08   5.29903878E-07
   9.33973941E+00   2.73267018E-02   2.73267018E-02  -1.02587247E-07   8.12589867E-07  -6.67626544E-08   5.29693804E-07
   9.39439281E+00   5.46534036E-02   5.46534036E-02  -6.37669076E-08   7.10300493E-07  -4.14571672E-08   4.63017590E-07
   9.50369962E+00   1.09306807E-01   1.09306807E-01   3.44597289E-08   8.98632381E-07   2.25725540E-08   5.85779814E-07
   9.53977087E+00   3.60712464E-02   3.60712464E-02   6.36840256E-08   8.10182614E-07   4.16226696E-08   5.28124684E-07
   9.61191336E+00   7.21424928E-02   7.21424928E-02   1.09517768E-07   6.35322412E-07   7.15000311E-08   4.14143736E-07
   9.75619834E+00   1.44284986E-01   1.44284986E-01   2.16129648E-07   7.38897949E-07   1.40996085E-07   4.81658248E-07
   9.80381239E+00   4.76140452E-02   4.76140452E-02   2.53024894E-07   7.74881559E-07   1.65046607E-07   5.05114043E-07
   9.89904048E+00   9.52280905E-02   9.52280905E-02   2.59571909E-07   6.87508889E-08   1.69315641E-07   4.48295620E-08
   1.00000000E+01   1.00959520E-01   1.00959520E-01   4.29868187E-07   1.68677780E-06   2.80323112E-07   1.09952455E-06
   1.01904562E+01   1.90456181E-01   1.90456181E-01   5.43702565E-07   5.97693271E-07   3.54527763E-07   3.89615347E-07
   1.02533067E+01   6.28505397E-02   6.28505397E-02   5.89814011E-07   7.33668258E-07   3.84586004E-07   4.78249542E-07
   1.03790078E+01   1.25701079E-01   1.25701079E-01   6.83017165E-07   7.41466617E-07   4.45341463E-07   4.83332833E-07
   1.04204892E+01   4.14813562E-02   4.14813562E-02   7.13488830E-07   7.34586995E-07   4.65204745E-07   4.78848418E-07
   1.05034519E+01   8.29627124E-02   8.29627124E-02   7.69940811E-07   6.80450042E-07   5.02003667E-07   4.43559776E-07
   1.06693773E+01   1.65925425E-01   1.65925425E-01   9.00935185E-07   7.89477406E-07   5.87393579E-07   5.14628253E-07
   1.07241327E+01   5.47553902E-02   5.47553902E-02   9.40785839E-07   7.27794180E-07   6.13370666E-07   4.74420637E-07
   1.08336435E+01   1.09510780E-01   1.09510780E-01   9.96075718E-07   5.04880696E-07   6.49412521E-07   3.29116960E-07
   1.10526650E+01   2.19021561E-01   2.19021561E-01   1.15004306E-06   7.02978019E-07   7.49777942E-07   4.58244480E-07
   1.11249421E+01   7.22771151E-02   7.22771151E-02   1.20039130E-06   6.96600038E-07   7.82598044E-07   4.54087047E-07
   1.12694964E+01   1.44554230E-01   1.44554230E-01   1.33957537E-06   9.62850181E-07   8.73325990E-07   6.27639511E-07
   1.14140506E+01   1.44554230E-01   1.44554230E-01   1.44285007E-06   7.14435708E-07   9.40646769E-07   4.65712966E-07
   1.15586048E+01   1.44554230E-01   1.44554230E-01   1.54446362E-06   7.02944131E-07   1.00688474E-06   4.58222281E-07
   1.17031591E+01   1.44554230E-01   1.44554230E-01   1.64330221E-06   6.83747460E-07   1.07131387E-06   4.45709102E-07
   1.18477133E+01   1.44554230E-01   1.44554230E-01   1.74147890E-06   6.79168565E-07   1.13531156E-06   4.42724381E-07
   1.20000000E+01   1.52286709E-01   1.52286709E-01   2.00403009E-06   1.72405851E-06   1.30645529E-06   1.12382582E-06
   1.21445542E+01   1.44554230E-01   1.44554230E-01   2.11464363E-06   7.65204429E-07   1.37855977E-06   4.98805702E-07
   1.24336627E+01   2.89108460E-01   2.89108460E-01   2.31848877E-06   7.05081881E-07   1.51143844E-06   4.59615309E-07
   1.25290685E+01   9.54057919E-02   9.54057919E-02   2.53553297E-06   2.27495838E-06   1.65291794E-06   1.48292356E-06
   1.27198801E+01   1.90811584E-01   1.90811584E-01   2.64705247E-06   5.84448261E-07   1.72561351E-06   3.80980910E-07
   1.31015032E+01   3.81623168E-01   3.81623168E-01   2.96538414E-06   8.34151850E-07   1.93312036E-06   5.43748042E-07
   1.32274389E+01   1.25935645E-01   1.25935645E-01   3.05621868E-06   7.21277446E-07   1.99233176E-06   4.70171878E-07
   1.34793102E+01   2.51871291E-01   2.51871291E-01   3.16290528E-06   4.23575841E-07   2.06187794E-06   2.76117952E-07
   1.39830528E+01   5.03742581E-01   5.03742581E-01   3.47175881E-06   6.13117780E-07   2.26320822E-06   3.99668977E-07
   1.41492878E+01   1.66235052E-01   1.66235052E-01   4.01352471E-06   3.25903531E-06   2.61635541E-06   2.12438464E-06
   1.44817579E+01   3.32470104E-01   3.32470104E-01   4.28466400E-06   8.15529821E-07   2.79309947E-06   5.31608862E-07
   1.50000000E+01   5.18242094E-01   5.18242094E-01   4.63086194E-06   6.68023575E-07   3.01877229E-06   4.35458303E-07
   1.56649402E+01   6.64940207E-01   6.64940207E-01   4.83940910E-06   3.13632959E-07   3.15472082E-06   2.04452262E-07
   1.69948206E+01   1.32988041E+00   1.32988041E+00   5.44481461E-06   4.55233042E-07   3.54936649E-06   2.96752750E-07
   1.74336812E+01   4.38860537E-01   4.38860537E-01   5.63186139E-06   4.26210073E-07   3.67129702E-06   2.77834340E-07
   1.80000000E+01   5.66318842E-01   5.66318842E-01   5.85995626E-06   4.02767588E-07   3.81998601E-06   2.62553496E-07
   1.88777211E+01   8.77721073E-01   8.77721073E-01   6.19357707E-06   3.80098887E-07   4.03746508E-06   2.47776976E-07
   2.06331632E+01   1.75544215E+00   1.75544215E+00   6.68442018E-06   2.79612241E-07   4.35743924E-06   1.82275536E-07
   2.10000000E+01   3.66836780E-01   3.66836780E-01   6.72931156E-06   1.22374269E-07   4.38670608E-06   7.97816411E-08
   2.15792959E+01   5.79295908E-01   5.79295908E-01   6.76803607E-06   6.68475508E-08   4.41195594E-06   4.35871478E-08
   2.27378877E+01   1.15859182E+00   1.15859182E+00   6.97426016E-06   1.77995466E-07   4.54639644E-06   1.16037853E-07
   2.50550714E+01   2.31718363E+00   2.31718363E+00   7.17408577E-06   8.62364134E-08   4.67667591E-06   5.62231962E-08
   2.70000000E+01   1.94492864E+00   1.94492864E+00   7.22049170E-06   2.38599663E-08   4.70694566E-06   1.55634211E-08
   3.16343673E+01   4.63436727E+00   4.63436727E+00   7.30529237E-06   1.82982197E-08   4.76227065E-06   1.19379831E-08
   3.31637085E+01   1.52934120E+00   1.52934120E+00   1.07714774E-05   2.26645630E-06   7.02168486E-06   1.47737745E-06
   3.62223909E+01   3.05868240E+00   3.05868240E+00   1.35890931E-05   9.21186091E-07   8.85835134E-06   6.00476361E-07
   4.10000000E+01   4.77760914E+00   4.77760914E+00   2.43559373E-05   2.25360509E-06   1.58766417E-05   1.46899634E-06
